  2.0000000e+000  2.8724638e+000  1.6865329e+000  1.2271233e+000  3.2208769e+000  1.1169271e+000  4.0528543e+000  3.1715848e+000  3.9074642e+000  2.8717727e+000  4.3956062e+000
  1.0000000e+000  2.8775102e+000  3.9694480e+000  3.2689266e+000  4.3772768e+000  4.6996195e+000  2.3315399e+000  1.6948818e+000 -3.5431989e-001  2.2518956e+000  3.3979571e+000
  2.0000000e+000  3.5462965e+000  3.4814354e+000  2.9376150e+000  2.8463325e+000  1.8268059e+000  5.1851361e+000  2.2742071e+000  3.0732690e+000  2.6524747e+000  2.8169400e+000
  2.0000000e+000  2.8395940e+000  1.5371805e+000  4.3029844e+000  3.1234879e+000  3.0934916e+000  3.4663400e+000  1.3034946e+000  2.3279705e+000  3.4397818e+000  1.9872670e+000
  1.0000000e+000  2.9173128e+000  2.0335685e+000  2.0215178e+000  2.9790642e+000  3.1386489e+000  2.4975921e+000  4.9297237e+000  5.3036785e+000  1.3371400e+000  3.4954108e+000
  2.0000000e+000  2.1140701e+000  2.0599376e+000  1.9512456e+000  3.0308731e+000  2.8184424e+000  2.2462239e+000  3.0247500e+000  1.4929091e+000  4.3166045e+000  4.3814972e+000
  2.0000000e+000  3.2022199e-001  4.9621171e+000  5.5926743e+000  4.0037623e+000  4.2291111e+000  1.3084001e+000  3.3229961e+000  4.6967064e+000  2.7843162e+000  3.2960730e+000
  1.0000000e+000  2.4219726e+000  2.5254239e+000  3.5487167e+000  1.5851827e+000  1.8037592e+000  2.6431562e+000  3.6871412e+000  4.9060298e+000  3.8178206e+000  3.7525859e+000
  1.0000000e+000  3.1946305e+000  2.9836382e+000  2.4928239e+000  3.7529239e+000  2.1918319e+000  2.6712948e+000  1.5338111e+000  2.9805758e+000  2.6197264e+000  3.4970644e+000
  2.0000000e+000  4.9870598e+000  3.4752281e+000  4.4637154e+000  3.1945019e+000  3.7370985e+000  1.3976740e+000  3.6385646e+000  2.7555035e+000  2.1965087e+000  2.7940222e+000
  2.0000000e+000  4.2253113e+000  2.8437919e+000  3.6230724e+000  2.4452158e+000  1.4463887e+000  3.4946265e+000  1.6564308e+000  2.8034363e+000  2.2946336e+000  2.1635517e+000
  2.0000000e+000  2.1976369e+000  1.7714130e+000  2.6325323e+000  3.6903038e+000  3.9202298e+000  3.8588735e+000  2.2814437e+000  2.9400979e+000  4.4705056e+000  4.2210220e+000
  2.0000000e+000  1.3872781e+000  3.8472343e+000  9.9307175e-001  4.8787294e+000  4.4228745e+000  3.9480724e+000  3.3025673e+000  3.9997522e+000  3.2871811e+000  2.8983801e+000
  2.0000000e+000  2.5175357e+000  3.1923008e+000  2.2721701e+000  2.6638351e+000  2.1196924e+000  3.6669356e+000  4.6963635e+000  4.1086271e+000  1.6128536e+000  2.7273433e+000
  2.0000000e+000  3.7136194e+000  1.8808557e+000  1.6520830e+000  3.1148071e+000  3.4882635e+000  3.1123181e+000  1.8149748e+000  2.8572638e+000  7.9805275e-001  2.8593782e+000
  2.0000000e+000  1.3909690e+000  3.5771385e+000  4.9756036e+000  3.6880654e+000  2.9316362e+000  3.9035275e+000  1.3062814e+000  4.2417604e+000  2.0965425e+000  3.7733667e+000
  2.0000000e+000  4.6622372e-001  4.5535092e+000  4.2320487e+000  3.2482417e+000  3.0384428e+000  2.1147396e+000  3.3040576e+000  8.7697592e-001  2.8247209e+000  2.6473059e+000
  2.0000000e+000  2.1651617e+000  2.3617263e+000  4.8320334e+000  2.1377503e+000  2.3333684e+000  1.2603460e+000  7.3098129e-001  1.6423646e+000  2.6442369e+000  4.6403717e+000
  2.0000000e+000  2.9232650e+000  3.1881341e+000  1.7711305e+000  1.5765180e+000  4.1227591e+000  2.7972781e+000  2.9227300e+000  2.7593504e+000  3.5726869e+000  1.8853917e+000
  1.0000000e+000  3.8729077e+000  3.7518716e+000  2.9219238e+000  2.8154673e+000  3.7839077e+000  3.0133733e+000  3.7496000e+000  3.6572228e+000  2.2413679e+000  3.3348152e+000
  2.0000000e+000  3.3176999e+000  4.4539166e+000  4.5767685e+000  3.5244857e+000  1.9414031e+000  4.4092271e+000  4.6528834e+000  2.8959649e+000  4.1317593e+000  3.2283062e+000
  2.0000000e+000  3.1463108e+000  4.3154879e+000  2.3172657e+000  3.9691392e+000  3.5279844e+000  3.0817906e+000  4.3730902e+000  2.3329027e+000  3.4404917e+000  2.9805394e+000
  2.0000000e+000  4.0372954e+000  2.0928565e+000  4.1540225e+000  3.0870253e+000  4.1518176e+000  3.9466563e+000  3.5673212e+000  3.3790019e+000  2.7586583e+000  2.8370436e+000
  2.0000000e+000  4.0681654e+000  2.9326064e+000  3.1332295e+000  3.2680474e+000  2.7782954e+000  2.8008390e+000  2.8605516e+000  1.3160047e+000  2.2264192e+000  2.7628813e+000
  2.0000000e+000  2.2915834e+000  2.8593565e+000  3.0572532e+000  2.7220825e+000  4.3046205e+000  4.1420349e-001  1.9362367e+000  2.2755806e+000  2.4147668e+000  1.6629451e+000
  2.0000000e+000  3.4550753e+000  3.8645267e+000  2.2176993e+000  2.9032392e+000  4.1474819e+000  3.1043304e+000  3.2576979e+000  1.9627535e+000  2.6171509e+000  4.0827969e+000
  2.0000000e+000  3.5141341e+000  2.5018546e+000  1.6717789e+000  2.0804692e+000  3.1669367e+000  1.2291266e+000  2.3621410e+000  8.1047049e-001  4.7945664e+000  3.3947680e+000
  1.0000000e+000  2.4812501e+000  2.8819162e+000  2.4513121e+000  3.7015492e+000  3.0188431e+000  2.5715112e+000  3.7652249e+000  2.2945413e+000  2.1587959e+000  3.0061592e+000
  2.0000000e+000  2.7598802e+000  3.5806065e+000  2.6617700e+000  1.6640935e+000  2.8420534e+000  2.0368210e+000  2.5430035e+000  3.2095278e+000  4.1172444e+000  3.6927726e+000
  2.0000000e+000  1.3380526e+000  2.2568518e+000  3.5724881e+000  2.8317910e+000  2.5509718e+000  1.7487986e+000  5.2116531e+000  2.6717809e+000  2.5559375e+000  5.4891862e+000
  2.0000000e+000  3.4861085e+000  2.0587740e+000  5.2023078e+000  4.9644387e+000  4.0789315e+000  2.2516152e+000  2.8778671e+000  4.6529611e+000  4.4332543e+000  4.6526534e+000
  2.0000000e+000  3.0018864e+000  3.6988698e+000  5.1407657e+000  3.5979456e+000  2.8530436e+000  4.0928373e+000  4.1243688e+000  3.5091645e+000  2.3931300e+000  2.6102757e+000
  1.0000000e+000  2.7664355e+000  2.1791356e+000  1.6992425e+000  3.4405147e+000  3.5052603e+000  3.9064818e+000  3.1451801e+000  4.8459599e+000  2.2711119e+000  3.1572564e+000
  1.0000000e+000  3.9462900e+000  4.2441543e+000  2.7455379e+000  2.6088109e+000  2.9712521e+000  3.7024765e+000  3.5251250e+000  3.2373958e+000  3.5997584e+000  3.5360767e+000
  2.0000000e+000  4.1717600e+000  2.7396579e+000  2.7441083e+000  2.6483156e+000  3.3779600e+000  3.5850394e+000  2.7080065e+000  2.6188807e+000  3.7624467e+000  2.9054407e+000
  2.0000000e+000  3.5539670e+000  2.7070482e+000  3.3911903e+000  3.7739268e+000  3.7850009e+000  5.2649481e+000  3.2006942e+000  2.1654686e+000  2.2899523e+000  3.3658375e+000
  2.0000000e+000  4.0700807e+000  3.0396469e+000  3.0038222e+000  2.9499504e+000  3.1130497e+000  3.2610471e+000  2.2411822e+000  3.4872630e+000  3.0848855e+000  2.7379592e+000
  2.0000000e+000  4.3368356e+000  1.4320857e+000  5.4746770e+000  1.6227065e+000  2.4816936e+000  3.2042068e+000  4.5134322e+000  1.6718344e+000  2.1137395e+000  2.2289509e+000
  2.0000000e+000  1.9616301e+000  2.2113669e+000  3.5908800e+000  3.2765765e+000  7.1278753e-001  3.4902878e+000  2.4855066e+000  3.5631407e+000  2.5347563e+000  6.5257111e-001
  2.0000000e+000  3.8321892e+000  2.3762220e+000  2.5924837e+000  3.0231732e+000  4.0598911e-002  2.5701283e+000  2.8125029e+000  3.3899460e+000  3.3043405e+000  2.6339400e+000
  2.0000000e+000  4.1106559e+000  2.8078546e+000  3.5265606e+000  3.0063136e+000  5.2319999e-001  2.6667619e+000  3.3653860e+000  4.4047877e+000  1.0666850e+000  2.4377091e+000
  1.0000000e+000  3.0027954e+000  2.4385418e+000  2.9007332e+000  3.0777933e+000  1.2553405e+000  2.2290890e+000  2.9585331e+000  3.7421894e+000  3.3039308e+000  3.0058086e+000
  2.0000000e+000  2.8599870e+000  3.8172290e+000  1.9974830e+000  1.7190993e+000  3.1389825e+000  3.7988426e+000  7.9802143e-002  2.8171018e+000  5.1756989e+000  3.6985099e+000
  2.0000000e+000  3.2709869e+000  3.0030716e+000  3.3415061e+000  4.8319163e+000  3.1220512e+000  2.1763768e+000  4.3674833e+000  1.9906146e+000  3.1127559e+000  4.5910708e+000
  2.0000000e+000  2.3219075e+000  4.1149512e+000  2.2947762e+000  1.4631279e+000  5.0354326e+000  2.2357123e+000  3.5115900e+000  2.3352436e+000  3.3839597e+000  3.8379758e+000
  2.0000000e+000  2.6230890e+000  3.5118381e+000  3.3078409e+000  1.1196276e+000  1.7394111e+000  4.2134202e+000  6.2535708e+000  3.7932843e+000  3.6822730e+000  4.0528553e+000
  2.0000000e+000  2.1537069e+000  4.0658490e+000  3.6278608e+000  1.9205963e+000  2.2677740e+000  3.2045842e+000  5.0781861e+000  1.6778970e+000  2.4130894e+000  2.3139913e+000
  2.0000000e+000  2.9368888e+000  1.8780492e+000  2.8004277e+000  4.7355920e+000  3.7034712e+000  3.5647084e+000  1.7524850e+000  4.6665161e+000  3.2155101e+000  2.9630612e+000
  1.0000000e+000  1.4372475e+000  3.3737703e+000  3.9475861e+000  3.6901868e+000  1.4250901e+000  2.5774740e+000  2.5194319e+000  1.5656588e+000  2.5055297e+000  3.1021390e+000
  2.0000000e+000  9.6362143e-002  1.1023702e+000  6.4133448e-001  3.5548756e+000  2.6695324e+000  1.7547361e+000  3.8594200e+000  2.0765141e+000  2.1796996e+000  2.9576675e+000
  1.0000000e+000  3.5606597e+000  1.6031446e+000  2.7573130e+000  4.8844734e+000  3.3860506e+000  2.6375755e+000  4.7215914e+000  4.9706107e-001  1.4967351e+000  3.3619738e+000
  2.0000000e+000  2.9881822e+000  3.0129888e+000  2.3012808e+000  4.0081897e+000  3.3196258e+000  2.8880386e+000  1.0105772e+000  5.8387879e-001  2.5725423e+000  1.8004775e+000
  2.0000000e+000  2.4239534e+000  2.6235712e+000  3.0411225e+000  7.2829622e-001  3.6104918e+000  3.2793213e+000  1.5583168e+000  2.6252351e+000  2.9242146e+000  2.3613514e+000
  1.0000000e+000  2.3255775e+000  4.2756685e+000 -6.3584722e-001  2.5619968e+000  4.7848349e+000  3.4577624e+000  4.4994718e+000  2.7682128e+000  5.5666520e+000  3.1103735e+000
  2.0000000e+000  4.3398580e+000  2.7164832e+000  3.8207025e+000  3.6733751e+000  2.4795687e+000  2.4907658e+000  3.1368368e+000  6.0119175e+000  3.1504579e+000  2.6195027e+000
  2.0000000e+000  2.2489876e+000  2.2476758e+000  2.1442964e+000  2.5209374e+000  2.8903769e+000  3.7866550e+000  2.7267632e+000  1.1537073e+000  1.9207643e+000  2.8291288e+000
  1.0000000e+000  3.3712663e+000  2.4899375e+000  3.5174040e+000  2.8437744e+000  4.2933790e+000  2.8070255e+000  2.7080072e+000  4.3892864e+000  3.3489306e+000  3.0333816e+000
  2.0000000e+000  2.2224986e+000  2.2456926e+000  3.9497639e+000  3.7229004e+000  2.2309213e+000  4.4429303e+000  1.9510804e+000  3.4667785e+000  3.3218336e+000  4.1594581e+000
  2.0000000e+000  2.8042261e+000  2.7302894e+000  2.3613554e+000  4.1283215e+000  2.9368156e+000  2.1181590e+000  2.2628183e+000  5.4598278e+000  2.7450693e+000  1.2537488e+000
  2.0000000e+000  3.1554040e+000  4.9025698e+000  4.9404729e+000  3.4774360e+000  4.1349482e+000  2.6045486e+000  4.3378079e+000  5.3013398e+000  4.8319625e+000  3.9592207e+000
  1.0000000e+000  3.9438955e+000  3.4277293e+000  1.8708693e+000  3.6643714e+000  4.4496629e+000  3.3170529e+000  2.8691237e+000  1.3483449e+000  4.8288984e+000  3.2274694e+000
  2.0000000e+000  3.2332473e+000  3.4272225e+000  2.3173182e+000  2.5876695e+000  3.6848059e+000  3.9299061e+000  4.5775301e+000  5.3911325e+000  2.7319954e+000  1.8342909e+000
  2.0000000e+000  2.1677246e+000  3.3687372e+000  2.8178678e+000  2.8498638e+000  4.3095106e+000  2.4642931e+000  2.3916552e+000  3.4538745e+000  1.9713834e+000  2.1586183e+000
  2.0000000e+000  3.3134934e+000  2.7820582e+000  1.7984546e+000  2.2003163e+000  3.5959953e+000 -8.9921920e-002  2.5291611e+000  3.9923022e+000  3.2175319e+000  1.4398611e+000
  2.0000000e+000  3.6241567e+000  3.1567552e+000  4.1965292e+000  1.7670320e+000  2.2457507e+000  2.4940955e+000  2.6337244e+000  3.4226681e+000  3.4545009e+000  2.7533248e+000
  2.0000000e+000  4.2893661e+000  2.6974898e+000  3.4837416e+000  8.0188765e-001  3.4917655e+000  2.5125093e+000  2.8659104e+000  9.6682789e-001  3.1347432e+000  4.2357042e+000
  1.0000000e+000  1.7417635e+000  3.2335829e+000  3.0489551e+000  3.0215438e+000  2.0382747e+000  2.6350337e+000  4.6271110e+000  2.8171733e+000  2.3031618e+000  3.7549489e+000
  2.0000000e+000  1.8910510e+000  4.0333319e+000  2.0511803e+000  2.5274366e+000  5.5513672e+000  3.9079070e+000  3.5524437e+000  3.0122314e+000  2.2916320e+000  2.4663614e+000
  2.0000000e+000  1.1875523e-001  3.5501670e+000  3.2884372e+000  3.2965222e+000  3.1905837e+000  3.8248695e+000  2.3344615e+000  4.5812650e+000  3.0164819e+000  2.8288361e+000
  1.0000000e+000  3.4994224e+000  3.1425995e+000  3.2937740e+000  3.1199791e+000  2.2492990e+000  2.3284650e+000  3.1089372e+000  1.6540644e+000  3.7847143e+000  3.5215999e+000
  2.0000000e+000  3.6536397e+000  5.3064714e+000  5.0494729e+000  3.1886950e+000  1.9672381e+000  2.8557992e+000  3.4140617e+000  2.6006446e+000  3.6401087e+000  2.8694997e+000
  2.0000000e+000  3.0109989e+000  3.1519745e+000  4.4216163e+000  1.3761739e+000  3.5386414e+000  5.5283003e-001  2.4810732e+000  2.5456415e+000  4.3808367e+000  3.1307513e+000
  2.0000000e+000  1.4392487e+000  3.8968632e+000  2.7892765e+000  2.7265300e+000  2.4931417e+000  2.2900358e+000  2.5468524e+000  1.6382997e+000  3.9586834e+000  3.9505096e+000
  2.0000000e+000  4.8890367e+000  3.8954560e+000  2.1900759e+000  2.6380578e+000  5.1985904e+000  3.4310175e+000  4.4188930e+000  4.7587549e+000  2.7373446e+000  2.7884831e+000
  2.0000000e+000  3.3883143e+000  4.2210532e+000  3.0385790e+000  2.6399703e+000  2.2153123e+000  2.6264933e+000  2.8314239e+000  3.8828885e+000  2.4895077e+000  4.8879523e+000
  1.0000000e+000  4.0379146e+000  1.1945918e+000  2.9988593e+000  3.2486142e+000  2.5612295e+000  2.5526180e+000  3.3558103e+000  5.0209643e+000  3.6443317e+000  3.5329614e+000
  2.0000000e+000  4.1005478e+000  4.9122960e+000  1.6596977e+000  2.6999887e+000  2.9549510e+000  3.9835858e+000  3.4555457e+000  2.6141249e+000  3.5100264e+000  1.5074085e+000
  2.0000000e+000  1.6106042e+000  1.4868484e+000  2.8130188e+000  4.2751965e+000  1.6321382e+000  2.4873353e+000  1.6525009e+000  3.2274281e+000  2.1094959e+000  2.8820581e+000
  2.0000000e+000  2.6856349e+000  2.5691075e+000  1.0316228e+000  2.2729682e+000  1.9838078e+000  2.9775495e+000  3.8630093e+000  4.1961920e+000  1.8756787e+000  2.7595733e+000
  1.0000000e+000  3.0493897e+000  2.1163378e+000  2.6924184e+000  3.6274206e+000  2.5924951e+000  2.9995796e+000  3.5411996e+000  4.9134818e+000  2.5765726e+000  3.2954239e+000
  2.0000000e+000  3.1962180e+000  3.5656822e+000  3.1612558e+000  8.4265039e-001  3.1687793e+000  3.6942031e+000  3.6005939e+000  1.9428901e+000  2.1799429e+000  2.4631671e+000
  2.0000000e+000  3.0275316e+000  2.8960461e+000  4.3399888e+000  4.4939288e+000  3.3401889e+000  1.3292774e+000  2.5338444e+000  2.6474748e+000  2.5876034e+000  2.7793141e+000
  2.0000000e+000  2.9163145e+000  3.0503776e+000  2.3530734e+000  5.0077448e+000  3.9733236e+000  2.6753022e+000  3.3494443e+000  3.3507427e+000  1.0302660e+000  4.0539531e-001
  2.0000000e+000  3.4615926e+000  3.2081712e+000  3.5775687e-001  2.4092364e+000  3.1326867e+000  8.1691472e-002  2.5646901e+000  2.2463070e+000  4.4880277e+000  5.1441328e+000
  2.0000000e+000  2.1527090e+000  2.9045389e+000  3.0668245e+000  3.5399637e+000  2.5272529e+000  3.1974143e+000  3.1750995e+000  3.3876134e+000  3.6925292e+000  1.9911328e+000
  2.0000000e+000  1.9222482e+000  2.7703246e+000  2.1693584e+000  2.9172148e+000  2.9301087e+000  3.1978140e+000  1.7075698e+000  3.2651510e+000  2.5301444e+000  2.9068656e+000
  2.0000000e+000  3.5874756e+000  2.7495257e+000  3.1035098e+000  4.4373480e+000  2.1663465e+000  2.3752147e+000  4.3200607e+000  2.5281326e+000  1.9133181e+000  4.0551732e+000
  2.0000000e+000  1.5625010e+000  3.4336772e+000  2.5140244e+000  2.7530198e+000  3.1752196e+000  2.4388787e+000  2.3081783e+000  4.1085467e+000  3.6441618e+000  1.7059032e+000
  2.0000000e+000  3.1947143e+000  2.5421328e+000  2.9768359e+000  5.0527384e+000  2.9513760e+000  1.8195647e+000  3.3436185e+000  3.3099180e+000  3.1593834e+000  2.2463570e+000
  2.0000000e+000  5.8558059e+000  4.6890301e+000  5.1928241e+000  2.6477506e+000  2.5389474e+000  7.5867426e-001  3.2009321e+000  2.3930827e+000  3.9287188e+000  3.0588473e+000
  2.0000000e+000  3.7822595e+000  2.5291683e+000  3.3662853e+000  2.7729994e+000  2.9300287e+000  1.8715809e+000  2.3117527e+000  4.4353329e+000  1.8793061e+000  5.1286903e+000
  1.0000000e+000  3.0288428e+000  2.7221022e+000  9.2737083e-001  1.9691999e+000  3.3409257e+000  2.8481913e+000  2.8148031e+000  5.0554909e+000  4.0654988e+000  3.4649196e+000
  1.0000000e+000  2.2144863e+000  1.8181108e+000  3.1245000e+000  1.3770172e+000  4.5590474e+000  2.3346366e+000  3.4026934e+000  1.6787903e+000  2.9383913e+000  3.0592577e+000
  2.0000000e+000  2.8387931e+000  2.1450863e+000  4.5654709e+000  3.6106206e+000  2.5012246e+000  2.7078215e+000  2.7678713e+000  5.4066762e-001  3.6168263e+000  2.8057420e+000
  2.0000000e+000  1.5364494e+000  2.6951680e+000  3.5160115e+000  3.1019176e+000  3.2772526e+000  4.0068834e+000  3.4953101e+000  1.7285624e+000  3.4541326e+000  4.6936214e+000
  2.0000000e+000  3.4925182e+000  4.4594771e+000 -1.2310299e-001  3.9391717e+000  3.0190024e+000  2.2749335e+000  2.2226041e+000  3.7926182e+000  3.2335497e+000  2.3313058e+000
  2.0000000e+000  3.3917455e+000  3.3885447e+000  4.5480992e+000  3.4522638e+000  3.2997752e+000  3.0447242e+000  2.7417294e+000  2.6168528e+000  2.7006589e+000  2.2089880e+000
  2.0000000e+000  2.9003202e+000  3.0883799e+000  1.7486909e+000  3.9844587e+000  3.1272353e+000  3.0181114e+000  2.5394983e+000  2.9367010e+000  4.0122254e+000  2.2483195e+000
  2.0000000e+000  4.2092414e+000  3.1897082e+000  2.7181738e+000  2.0924949e+000  3.5294774e+000  2.8137908e+000  1.1012933e+000  2.5177305e+000  4.6498271e+000  2.9294814e+000
  2.0000000e+000  3.1697171e+000  1.2706570e+000  3.6479872e+000  3.1134040e+000  1.7246962e+000  3.2331226e+000  2.6076353e+000  3.0932580e+000  3.0740854e+000  2.5598183e+000
